62
159

IC (set([56]), 10.9)
LT (set([52]), 12.6)
CELF_IC (set([56]), 11.7)
CELF_LT (set([52]), 11.6)
True
True
--------------------------------
IC (set([56, 48, 58, 62]), 27.8)
LT (set([56, 48, 58, 53]), 33.4)
CELF_IC (set([58, 50, 52, 53]), 27.7)
CELF_LT (set([56, 48, 58, 60]), 31.1)
False
False
--------------------------------
IC (set([60, 43, 45, 47, 53, 56, 25, 58, 28, 62]), 41.3)
LT (set([60, 45, 48, 50, 53, 56, 58, 28, 61, 62]), 55.5)
CELF_IC (set([39, 47, 48, 52, 53, 54, 58, 28, 61, 62]), 39.2)
CELF_LT (set([34, 60, 48, 50, 52, 53, 58, 28, 61, 62]), 51.6)
False
False
--------------------------------
IC (set([1, 2, 59, 26, 41, 45, 28, 48, 50, 51, 30, 9, 56, 57, 58, 27, 60, 61, 62, 31]), 48.5)
LT (set([32, 16, 36, 60, 55, 45, 48, 50, 51, 52, 53, 54, 23, 56, 57, 58, 59, 28, 61, 62]), 62.0)
CELF_IC (set([33, 35, 36, 37, 7, 8, 9, 42, 5, 47, 48, 19, 20, 53, 56, 57, 58, 28, 62, 52]), 44.7)
CELF_LT (set([32, 2, 36, 38, 60, 23, 44, 45, 48, 50, 52, 53, 22, 55, 56, 58, 59, 28, 61, 62]), 60.5)
False
False
--------------------------------
IC (set([1, 4, 6, 7, 8, 9, 10, 11, 12, 14, 15, 16, 17, 18, 19, 20, 21, 22, 23, 24, 25, 26, 28, 29, 30, 31, 32, 34, 35, 36, 37, 38, 39, 42, 43, 44, 45, 46, 48, 50, 52, 53, 55, 56, 57, 58, 59, 60, 61, 62]), 61.6)
LT (set([13, 14, 15, 16, 17, 18, 19, 20, 21, 22, 23, 24, 25, 26, 27, 28, 29, 30, 31, 32, 33, 34, 35, 36, 37, 38, 39, 40, 41, 42, 43, 44, 45, 46, 47, 48, 49, 50, 51, 52, 53, 54, 55, 56, 57, 58, 59, 60, 61, 62]), 62.0)
CELF_IC (set([1, 7, 8, 9, 10, 12, 13, 14, 15, 16, 17, 18, 19, 20, 23, 24, 25, 26, 27, 28, 29, 30, 32, 33, 34, 35, 36, 37, 38, 39, 40, 41, 42, 44, 46, 47, 48, 49, 50, 52, 53, 54, 55, 56, 57, 58, 59, 60, 61, 62]), 57.8)
CELF_LT (set([1, 2, 3, 5, 6, 7, 8, 9, 11, 12, 14, 15, 17, 18, 21, 22, 23, 25, 26, 27, 28, 29, 30, 31, 32, 34, 35, 36, 37, 38, 39, 40, 41, 42, 44, 45, 47, 48, 49, 50, 52, 53, 54, 56, 57, 58, 59, 60, 61, 62]), 62.0)
False
False
--------------------------------
11.1458649635
