k= 1
greedy      (set([56]), 11.1994)
celf        (set([56]), 11.2249)
Heuristics0 (set([52]), 10.0801)
Heuristics1 (set([52]), 10.0866)
Heuristics2 (set([52]), 10.0787)
True

greedy      (set([56]), 12.3454)
celf        (set([56]), 12.3971)
Heuristics0 (set([52]), 11.201)
Heuristics1 (set([52]), 11.1953)
Heuristics2 (set([52]), 11.2123)
True

--------------------------------

k= 4
greedy      (set([56, 58, 53, 62]), 27.2768)
celf        (set([56, 58, 53, 62]), 27.3279)
Heuristics0 (set([58, 52, 38, 46]), 21.5012)
Heuristics1 (set([58, 52, 38, 46]), 21.5142)
Heuristics2 (set([58, 52, 38, 46]), 21.437)
True

greedy      (set([56, 48, 58, 53]), 32.6745)
celf        (set([56, 48, 58, 53]), 32.7754)
Heuristics0 (set([58, 52, 38, 46]), 24.1083)
Heuristics1 (set([58, 52, 38, 46]), 24.1445)
Heuristics2 (set([58, 52, 38, 46]), 24.1367)
True

--------------------------------

k= 10
greedy      (set([60, 45, 48, 50, 53, 56, 58, 28, 61, 62]), 42.7583)
celf        (set([60, 45, 48, 50, 53, 56, 58, 28, 61, 62]), 42.818)
Heuristics0 (set([38, 41, 44, 46, 48, 51, 52, 55, 58, 28]), 31.9808)
Heuristics1 (set([38, 41, 44, 46, 48, 51, 52, 55, 58, 28]), 31.9289)
Heuristics2 (set([38, 41, 44, 46, 48, 51, 52, 55, 58, 28]), 31.9886)
True

greedy      (set([60, 45, 48, 50, 53, 56, 58, 28, 61, 62]), 54.8028)
celf        (set([60, 45, 48, 50, 53, 56, 58, 28, 61, 62]), 54.8305)
Heuristics0 (set([38, 41, 44, 46, 48, 51, 52, 55, 58, 28]), 39.2383)
Heuristics1 (set([38, 41, 44, 46, 48, 51, 52, 55, 58, 28]), 39.2129)
Heuristics2 (set([38, 41, 44, 46, 48, 51, 52, 55, 58, 28]), 39.2877)
True

--------------------------------

k= 20
greedy      (set([32, 34, 36, 38, 60, 30, 45, 46, 48, 50, 53, 23, 56, 57, 58, 59, 28, 61, 62, 21]), 51.91)
celf        (set([32, 34, 36, 38, 10, 60, 30, 45, 48, 50, 53, 23, 56, 57, 58, 59, 28, 61, 62, 21]), 51.9095)
Heuristics0 (set([34, 38, 39, 41, 14, 43, 44, 45, 46, 60, 48, 18, 51, 52, 53, 55, 58, 28, 30, 21]), 41.2695)
Heuristics1 (set([34, 38, 39, 41, 14, 43, 44, 45, 46, 60, 48, 18, 51, 52, 53, 55, 58, 28, 30, 21]), 41.2272)
Heuristics2 (set([34, 38, 39, 41, 14, 43, 44, 45, 46, 60, 48, 18, 51, 52, 53, 55, 58, 28, 30, 21]), 41.2336)
False

greedy      (set([32, 36, 60, 55, 45, 48, 49, 50, 51, 52, 53, 54, 23, 56, 57, 58, 59, 28, 61, 62]), 62.0)
celf        (set([32, 1, 2, 3, 36, 5, 60, 45, 48, 50, 4, 53, 23, 56, 57, 58, 59, 28, 61, 62]), 62.0)
Heuristics0 (set([34, 38, 39, 41, 14, 43, 44, 45, 46, 60, 48, 18, 51, 52, 53, 55, 58, 28, 30, 21]), 48.462)
Heuristics1 (set([34, 38, 39, 41, 14, 43, 44, 45, 46, 60, 48, 18, 51, 52, 53, 55, 58, 28, 30, 21]), 48.4894)
Heuristics2 (set([34, 38, 39, 41, 14, 43, 44, 45, 46, 60, 48, 18, 51, 52, 53, 55, 58, 28, 30, 21]), 48.464)
False

--------------------------------

k= 30
greedy      (set([1, 2, 3, 7, 9, 10, 14, 15, 19, 21, 23, 28, 30, 31, 32, 34, 36, 38, 45, 46, 48, 50, 53, 56, 57, 58, 59, 60, 61, 62]), 56.2224)
celf        (set([1, 2, 4, 10, 14, 15, 18, 19, 21, 23, 28, 30, 31, 32, 34, 36, 38, 39, 45, 46, 48, 50, 53, 56, 57, 58, 59, 60, 61, 62]), 56.2108)
Heuristics0 (set([10, 11, 14, 15, 18, 20, 21, 25, 28, 29, 30, 31, 34, 37, 38, 39, 41, 42, 43, 44, 45, 46, 48, 51, 52, 53, 55, 58, 60, 62]), 46.7171)
Heuristics1 (set([10, 11, 14, 15, 18, 20, 21, 25, 28, 29, 30, 31, 34, 37, 38, 39, 41, 42, 43, 44, 45, 46, 48, 51, 52, 53, 55, 58, 60, 62]), 46.7196)
Heuristics2 (set([10, 11, 14, 15, 18, 20, 21, 25, 28, 29, 30, 31, 34, 37, 38, 39, 41, 42, 43, 44, 45, 46, 48, 51, 52, 53, 55, 58, 60, 62]), 46.7098)
False

greedy      (set([23, 28, 32, 36, 37, 38, 39, 40, 41, 42, 43, 44, 45, 46, 47, 48, 49, 50, 51, 52, 53, 54, 55, 56, 57, 58, 59, 60, 61, 62]), 62.0)
celf        (set([1, 2, 3, 4, 5, 6, 7, 8, 9, 11, 12, 13, 16, 17, 18, 23, 28, 32, 36, 45, 48, 50, 53, 56, 57, 58, 59, 60, 61, 62]), 62.0)
Heuristics0 (set([10, 11, 14, 15, 18, 20, 21, 25, 28, 29, 30, 31, 34, 37, 38, 39, 41, 42, 43, 44, 45, 46, 48, 51, 52, 53, 55, 58, 60, 62]), 51.0577)
Heuristics1 (set([10, 11, 14, 15, 18, 20, 21, 25, 28, 29, 30, 31, 34, 37, 38, 39, 41, 42, 43, 44, 45, 46, 48, 51, 52, 53, 55, 58, 60, 62]), 51.0517)
Heuristics2 (set([10, 11, 14, 15, 18, 20, 21, 25, 28, 29, 30, 31, 34, 37, 38, 39, 41, 42, 43, 44, 45, 46, 48, 51, 52, 53, 55, 58, 60, 62]), 51.0548)
False

--------------------------------

k= 50
greedy      (set([1, 2, 3, 4, 6, 7, 8, 9, 10, 11, 14, 15, 16, 17, 18, 19, 20, 21, 22, 23, 24, 25, 26, 28, 29, 30, 31, 32, 34, 35, 36, 37, 38, 39, 42, 43, 44, 45, 46, 48, 50, 53, 55, 56, 57, 58, 59, 60, 61, 62]), 62.0)
celf        (set([1, 2, 3, 4, 6, 7, 8, 9, 10, 11, 13, 14, 15, 16, 17, 18, 19, 20, 21, 22, 23, 24, 25, 26, 28, 29, 30, 31, 32, 34, 35, 36, 37, 38, 39, 42, 43, 44, 45, 46, 48, 50, 53, 56, 57, 58, 59, 60, 61, 62]), 62.0)
Heuristics0 (set([9, 10, 11, 14, 15, 16, 17, 18, 19, 20, 21, 22, 23, 25, 26, 27, 28, 29, 30, 31, 32, 33, 34, 35, 36, 37, 38, 39, 40, 41, 42, 43, 44, 45, 46, 47, 48, 50, 51, 52, 53, 54, 55, 56, 57, 58, 59, 60, 61, 62]), 59.4079)
Heuristics1 (set([9, 10, 11, 14, 15, 16, 17, 18, 19, 20, 21, 22, 23, 25, 26, 27, 28, 29, 30, 31, 32, 33, 34, 35, 36, 37, 38, 39, 40, 41, 42, 43, 44, 45, 46, 47, 48, 50, 51, 52, 53, 54, 55, 56, 57, 58, 59, 60, 61, 62]), 59.4465)
Heuristics2 (set([9, 10, 11, 14, 15, 16, 17, 18, 19, 20, 21, 22, 23, 25, 26, 27, 28, 29, 30, 31, 32, 33, 34, 35, 36, 37, 38, 39, 40, 41, 42, 43, 44, 45, 46, 47, 48, 50, 51, 52, 53, 54, 55, 56, 57, 58, 59, 60, 61, 62]), 59.4245)
False

greedy      (set([13, 14, 15, 16, 17, 18, 19, 20, 21, 22, 23, 24, 25, 26, 27, 28, 29, 30, 31, 32, 33, 34, 35, 36, 37, 38, 39, 40, 41, 42, 43, 44, 45, 46, 47, 48, 49, 50, 51, 52, 53, 54, 55, 56, 57, 58, 59, 60, 61, 62]), 62.0)
celf        (set([1, 2, 3, 4, 5, 6, 7, 8, 9, 10, 11, 12, 13, 14, 15, 16, 17, 18, 19, 20, 21, 22, 23, 24, 25, 28, 30, 31, 32, 34, 36, 37, 39, 40, 42, 45, 46, 48, 49, 50, 51, 52, 53, 56, 57, 58, 59, 60, 61, 62]), 62.0)
Heuristics0 (set([9, 10, 11, 14, 15, 16, 17, 18, 19, 20, 21, 22, 23, 25, 26, 27, 28, 29, 30, 31, 32, 33, 34, 35, 36, 37, 38, 39, 40, 41, 42, 43, 44, 45, 46, 47, 48, 50, 51, 52, 53, 54, 55, 56, 57, 58, 59, 60, 61, 62]), 62.0)
Heuristics1 (set([9, 10, 11, 14, 15, 16, 17, 18, 19, 20, 21, 22, 23, 25, 26, 27, 28, 29, 30, 31, 32, 33, 34, 35, 36, 37, 38, 39, 40, 41, 42, 43, 44, 45, 46, 47, 48, 50, 51, 52, 53, 54, 55, 56, 57, 58, 59, 60, 61, 62]), 62.0)
Heuristics2 (set([9, 10, 11, 14, 15, 16, 17, 18, 19, 20, 21, 22, 23, 25, 26, 27, 28, 29, 30, 31, 32, 33, 34, 35, 36, 37, 38, 39, 40, 41, 42, 43, 44, 45, 46, 47, 48, 50, 51, 52, 53, 54, 55, 56, 57, 58, 59, 60, 61, 62]), 62.0)
False

--------------------------------

9947.10401297
