15233
32235
4times seed
celf r=5000
Combine (set([6024, 47, 37, 2119]), 278.6174)
Combine (set([6024, 47, 37, 2119]), 325.7086)
93.5050749779
--------------------------------
Combine (set([66, 37, 2119, 6024, 3210, 6573, 47, 1241, 1434, 156]), 507.6134)
Combine (set([66, 37, 2119, 6024, 3210, 11404, 47, 1241, 1434, 682]), 632.8018)
383.058851004
--------------------------------
Combine (set([1537, 6024, 12012, 3210, 11404, 5651, 788, 1049, 3736, 1689, 1434, 156, 2462, 432, 1827, 37, 5799, 682, 43, 6573, 814, 47, 12464, 2997, 8329, 192, 66, 8260, 2119, 1482, 3959, 4559, 11600, 6482, 595, 4696, 1241, 602, 1635, 871, 105, 236, 110, 14064, 753, 4469, 5993, 7417, 4266, 7295]), 1272.7696)
Combine (set([1537, 1420, 6024, 3210, 11404, 3597, 9261, 5651, 1689, 1434, 156, 2462, 1827, 37, 1063, 682, 43, 6573, 814, 47, 12464, 569, 13245, 7102, 192, 66, 8260, 2119, 329, 1482, 3959, 6482, 595, 4696, 1241, 602, 605, 1635, 871, 105, 12012, 110, 753, 140, 4469, 5993, 1657, 2314, 8874, 7295]), 1672.575)
36467.019052
--------------------------------
36943.748836
